source_row	sequence	label	probability
23	AEAVASKL	1	0.7876469
41	AESIAAKA	1	0.94593805
94	AETAATKR	1	0.80912405
139	AETSEAKK	1	0.94465655
174	AQSKAVKI	1	0.98354936
204	DDAAASWK	1	0.3758888
205	DDHMGVKK	1	0.96398455
281	EASEAVKK	1	0.9994773
308	EASTAPTH	1	0.1662771
471	EDTTDSKL	1	0.97833157
545	EENTAVKK	1	0.99562114
551	EEPAASDN	1	0.19840199
557	EERAVVKK	1	0.98986965
564	EERRASKL	1	0.98194045
659	EESFAVVK	1	0.9993635
719	EESIGAVL	1	0.99896395
856	EESRATKT	1	0.993103
871	EESRESIR	1	0.9912949
944	EESSASPI	1	0.7308899
999	EESSGAKI	1	0.98676246
1018	EESSVSDL	1	0.98765415
1106	EESTSSKL	1	0.9744495
1234	EETHEANR	1	0.99233854
1543	EETTDAKK	1	0.9970759
1545	EETTDAKS	1	0.99850345
1561	EETTGTKR	1	0.9875808
1660	EGTNASNK	1	0.29103047
1682	EHALASKK	1	0.20466617
1693	EHSRSAKL	1	0.9985946
1724	ELRTDVKR	1	0.99896467
1745	ENSRAVKK	1	0.9997241
1765	EPRWGVKK	1	0.99344724
1814	EQGTGVKR	1	0.9945991
2020	ERTTASKL	1	0.7629073
2024	ESSGAWEH	1	0.29491076
2077	EVSPGVKK	1	0.99257916
2090	EVTGASTK	1	0.32720137
2278	HESWAAKK	1	0.99750644
2482	IESTVVKK	1	0.92318267
2526	IGSEASKL	1	0.96099234
2530	IGTIGSKL	1	0.8884844
2534	IHTTASRK	1	0.3941162
2547	IQSWGSKK	1	0.9507453
2548	IQSWGSKL	1	0.99402547
2684	KATKSAKK	1	0.90167546
2754	KDHMGVKK	1	0.993149
2784	KDSEGTKR	1	0.98439276
2851	KDSWGSKR	1	0.9878991
2972	KEDAASGK	1	0.3538603
3011	KEIAAADL	1	0.97103935
3059	KENGASKT	1	0.23594029
3065	KENKAVKK	1	0.9722819
3078	KENNAVDM	1	0.9870884
3139	KERAAVDL	1	0.99689543
3148	KERIAAKL	1	0.9740548
3149	KERIAVDL	1	0.99722254
3155	KERNAVDL	1	0.99891114
3156	KERNAVKI	1	0.9916065
3164	KERSASET	1	0.19490366
3374	KESIASIR	1	0.6252054
3396	KESIDSKR	1	0.99085814
3451	KESMASGK	1	0.4100774
3498	KESNASKV	1	0.7497422
3501	KESNASRL	1	0.89717233
3584	KESNGSKR	1	0.95901906
3586	KESNGTKR	1	0.993208
3611	KESPDWKK	1	0.35819197
3681	KESRDTDL	1	0.99982494
3751	KESSASVT	1	0.7283443
3883	KESTGAAL	1	0.8839812
3945	KESVASVI	1	0.93507165
4070	KETAGVKM	1	0.9859411
4176	KETHASVI	1	0.56918997
4311	KETKDAKR	1	0.9924425
4409	KETNSSDI	1	0.9072472
4480	KETRAVDM	1	0.9983866
4521	KETREAKL	1	0.9996486
4611	KETSAVQL	1	0.9868581
4638	KETSDVRK	1	0.9766545
4710	KETTAVIK	1	0.9474998
4796	KETVASDM	1	0.9416695
4811	KETVASNL	1	0.95788217
4867	KETYDSKK	1	0.9271887
4891	KGNNAVKK	1	0.9839298
4920	KGSIGTKL	1	0.99105304
4973	KGTGGVKR	1	0.9783613
5037	KHSIAVKK	1	0.9952608
5062	KKDTASKV	1	0.28177923
5114	KLCSGAKC	1	0.7681563
5132	KLTHHAKL	1	0.97461843
5141	KLTSAAKM	1	0.6245929
5174	KNSRAVDL	1	0.9997904
5253	KPTDARKL	1	0.9583086
5326	KQGTGVKR	1	0.98516685
5522	KQTDAVDK	1	0.99253404
5556	KQTDAVVI	1	0.98387724
5629	KQTMAVKK	1	0.99859387
5680	KQTTGEKL	1	0.8820654
5710	KRTKASQK	1	0.24185541
5740	KSSRGSKK	1	0.7790537
5782	KSTTGAEK	1	0.3407209
5820	KVDSASKL	1	0.68863606
5975	LESIAAKI	1	0.9074259
6039	LESTVSKK	1	0.30610624
6135	LGSTDAKK	1	0.917438
6144	LHSIAVKL	1	0.9957344
6217	MESSGSKL	1	0.8821996
6242	MMTTASTD	1	0.3127706
6266	NEIMGSKK	1	0.3526529
6369	NGPTGSKN	1	0.34919482
6370	NGSRASKT	1	0.16891514
6376	NLTTASVK	1	0.40938184
6402	PDASASTK	1	0.39721492
6403	PDGNASKL	1	0.7309838
6409	PDSTASYK	1	0.3837627
6411	PEAAASKA	1	0.3219507
6441	PKNSASKL	1	0.7743101
6443	PLTWAADL	1	0.9218443
6454	PQTPASGK	1	0.34046078
6470	QASVAADL	1	0.99759525
6498	QDPTGSKV	1	0.36928648
6566	QERSATKL	1	0.843454
6573	QESAPAKI	1	0.76271665
6650	QESNAVRE	1	0.92558557
6736	QESVASNL	1	0.9660462
6737	QESVASTK	1	0.80780435
6872	QETSDAKR	1	0.98331404
6901	QETVASTL	1	0.9221572
6949	QLGPASKK	1	0.3659631
6963	QNSRAVKM	1	0.99635553
7010	QQATASRN	1	0.40585393
7094	QTSSDADL	1	0.99364763
7121	QVVAASGL	1	0.5502905
7170	RDCSGSKC	1	0.47138664
7173	RDIPASRK	1	0.3976297
7228	RDTTTSKK	1	0.37256196
7632	RETEAVRK	1	0.89338994
7716	RETNDAKL	1	0.9976667
7856	RGNTAVKM	1	0.9085839
7864	RGSIAVKL	1	0.9963946
7880	RGTNASQK	1	0.34287184
7939	RPSTGVKL	1	0.99532855
7942	RPTGASKL	1	0.81346005
7950	RPTRASKL	1	0.9206334
7969	RQSAVVKL	1	0.99224246
8038	RQTMAAKL	1	0.9786428
8077	RTSSDAKK	1	0.9647111
8210	TEATVSSK	1	0.30692407
8260	TESTGADL	1	0.8972382
8263	TESWGSKI	1	0.9708378
8297	TETRAADL	1	0.99235886
8348	THTSAAKK	1	0.36952743
8394	VESNASKL	1	0.95447654
8433	WETTGSTK	1	0.2715809
8499	KQTPASQR	0	0.27412316
8616	KEITVAYK	0	0.25434878
8757	EQRVAPYK	0	0.06390612
8775	KAAPASSK	0	0.3654335
8833	KDTTDSEG	0	0.24774723
8895	LETRASKT	0	0.3407614
8933	SETRVSSE	0	0.17586763
9075	QETSGVRQ	0	0.34188282
9086	QETGASTD	0	0.30774686
9167	TERPASEK	0	0.30869725
9267	LDTAACIK	0	0.38969475
9386	THTNTSTN	0	0.19090983
9592	PENHASEE	0	0.31348643
9608	KGPTSSKM	0	0.27696612
9673	KQSTASIQ	0	0.38279563
9764	RGTADSIT	0	0.28667358
9799	HGTAVSYK	0	0.2334087
9838	QEMSVWYN	0	0.06895971
10320	KEITAQKK	0	0.68124795
10361	KHRTASNK	0	0.320887
10476	RQGTASTK	0	0.32201362
10548	KGPTAADK	0	0.2414564
10558	NEANASAN	0	0.19637343
10596	TGTTGSQN	0	0.36127168
10753	IQANASKK	0	0.33296287
10761	KGLMAERK	0	0.30584058
10770	PDTSGEHK	0	0.38152346
10846	QDSAASIR	0	0.3933217
10866	RAICGSKQ	0	0.33714607
10889	HDASASKD	0	0.34638026
10964	HEATASTM	0	0.33484238
11100	KETTGPKK	0	0.49594587
11183	KDTTASYN	0	0.31559956
11265	VGTPVSKK	0	0.2614949
11327	QDTTASKI	0	0.35432014
11334	QGTPASGI	0	0.30601144
11337	QWTIASKN	0	0.34089437
11434	QVPTASIE	0	0.34631836
11456	TGTVASTK	0	0.30436826
11536	LENRARYQ	0	0.11854825
11539	LGTVASTK	0	0.29592913
11624	HEATASNQ	0	0.39515045
11720	RLTTAADK	0	0.22821361
11840	VQPTASKN	0	0.36855292
11883	KETRVSSE	0	0.15495804
11902	KVSSAPIK	0	0.2751523
11951	RKSPASVK	0	0.36709592
11981	DVATASGS	0	0.40721706
12011	IGSSASKE	0	0.38291365
12095	NETIAAKV	0	0.4094484
12152	RQTTHSKK	0	0.36352077
12175	TQTPASKK	0	0.32405806
12263	KETRGSIE	0	0.3258189
12285	KVRSGSPK	0	0.13008563
12360	RVSSDAKK	0	0.95636755
12384	WDQAASLQ	0	0.4105055
12410	IESSGSRK	0	0.4085815
12464	KRTPDAIE	0	0.18949683
12493	QAHMASLT	0	0.3290198
12534	SETTAAKK	0	0.42586505
12590	KATPASTE	0	0.3442794
12629	KETSVPKK	0	0.6710674
12637	KGGAGSKE	0	0.35964242
12685	PEVAASST	0	0.21798335
12720	REVPVAKK	0	0.2939444
12820	KEPTASMK	0	0.21653686
12825	KERRGSRG	0	0.25089353
12833	KETADSNT	0	0.24761705
12911	QASSASKV	0	0.28609374
12920	QEPNATVL	0	0.7741031
12988	SGTSAEIK	0	0.3620534
13062	IGTVASTK	0	0.30100894
13078	KDTTASRE	0	0.401373
13110	KLQTPSIK	0	0.38194892
13247	EEFTAAKK	0	0.90608764
13306	KEKIASHS	0	0.31026754
13365	LATPVANK	0	0.29203543
13417	QACTASTK	0	0.35238862
13438	QGTPASYK	0	0.2776814
13464	RPTMAAKK	0	0.87410235
13543	IELAASIK	0	0.39620906
13565	KENTASKN	0	0.27216098
13584	KETNGSKT	0	0.2556797
13646	LETFASAI	0	0.303605
13824	HETAASVK	0	0.32738918
13831	IDGTSSKR	0	0.32622525
13873	KEANASLK	0	0.44194344
13969	KQITASKK	0	0.3499919
14053	PETMSTGT	0	0.29775652
14060	PETTASLE	0	0.38734373
14074	QDTPASNK	0	0.38527995
14085	QEMTAAKN	0	0.289483
14118	QVGEASKR	0	0.6590038
14144	RETIGSNN	0	0.29899096
14189	TASTASKE	0	0.379601
14199	TEDIASHD	0	0.31111026
14220	TGVTASYT	0	0.3717343
14277	HGTSGSRK	0	0.3423832
14284	IEATDSKR	0	0.41819438
14292	IRASASYK	0	0.32362065
14296	KASNAAVK	0	0.8792695
14303	KDGNASED	0	0.2987118
14365	KGITAPEI	0	0.143683
14386	KQTIATQT	0	0.3238539
14391	KRPTVSKI	0	0.13820219
14434	NDPKASLK	0	0.3826685
14446	NGANASQK	0	0.31771234
14542	RHTTASKN	0	0.33211482
14543	RLRAAPNK	0	0.11314371
14559	SDSTPSNK	0	0.35599205
14617	EDPGVSKA	0	0.17146835
14618	EDTTASQT	0	0.38703302
14685	KATTASEG	0	0.36157355
14696	KDTPASRK	0	0.31555966
14711	KEDPGSQR	0	0.3153492
14717	KENPGSKR	0	0.6821807
14777	KGTPASNN	0	0.3256884
14783	KKVDASQH	0	0.33341366
14790	KPTTASHK	0	0.37594423
14791	KQAPASEK	0	0.29788566
14825	LQTTASIQ	0	0.40331382
14862	NQTDASVR	0	0.17755832
14890	QANSAPQK	0	0.25972334
14945	QRASAPKK	0	0.22487237
15005	RVITALKI	0	0.40800947
15029	TETTVSKD	0	0.15160942
15052	VEPTGSKI	0	0.31341538
15069	DATRASKK	0	0.40779576
15100	GDSTAWKK	0	0.32495472
15112	HRPTASMG	0	0.1560366
15124	KAAIGTKK	0	0.78911024
15148	KDTTGSNK	0	0.37741667
15158	KEATSSYR	0	0.28946787
15159	KEATVSKK	0	0.21124244
15166	KEMAASAK	0	0.25779656
15170	KEPTSEQN	0	0.14892574
15184	KETAAAMN	0	0.18900652
15229	KPRASSNK	0	0.26720512
15231	KQANASKK	0	0.30570784
15240	KRTTPSKS	0	0.29449302
15261	LETFAEVT	0	0.26513022
15315	PVATASDK	0	0.3913343
15320	QATTASKC	0	0.37219888
15340	QETAAPQK	0	0.3223859
15396	RETTAPIK	0	0.33097976
15436	TAAGASES	0	0.35805455
15472	TVTRASKI	0	0.40044025
15482	YQCTRSLK	0	0.3433995
15539	GEAAASIK	0	0.3850478
15549	GPTNADKI	0	0.84992486
15595	IPMAAAIK	0	0.29310527
15636	KATTLADK	0	0.5562014
15639	KDAPASNK	0	0.38561258
15784	KGIAASQQ	0	0.3745652
15841	KQTTAFKH	0	0.537972
15931	NESRASGI	0	0.5733944
15938	NETIGAYE	0	0.28537366
15947	NETTASLE	0	0.41021284
15958	NKGVSSHT	0	0.2066228
15959	NPRAASEK	0	0.19017304
16031	QDPTASGQ	0	0.39889875
16045	QENTASIE	0	0.31242922
16063	QETNASKN	0	0.2908708
16128	RASGASEE	0	0.3885071
16139	RDTTASDT	0	0.3638989
16163	REPNASVK	0	0.13960323
16173	RETAASCM	0	0.33381823
16189	RETSGSTK	0	0.3520279
16198	REWTAANT	0	0.18664107
16223	RRSPASVN	0	0.21523914
16252	SNTSAKGK	0	0.3234803
16253	SQTPASQR	0	0.27370775
16256	TATNPSKQ	0	0.2597601
16293	TGARASKI	0	0.28598613
16301	THAIALNK	0	0.33285806
16359	DGATASEE	0	0.41945636
16455	KDAAASNE	0	0.3855076
16456	KDASASVK	0	0.38581496
16459	KDDSGSTE	0	0.30044767
16491	KEPNASTK	0	0.16231145
16520	KETLAAMT	0	0.7376809
16563	KKIADPKK	0	0.62879676
16572	KNIPASKK	0	0.32146004
16656	NDITGSKK	0	0.3336714
16663	NERTASNK	0	0.31743884
16695	PEPTASIK	0	0.2996343
16720	PVATASSK	0	0.40612438
16749	QEMIASNK	0	0.33601454
16760	QETDASKN	0	0.275911
16801	QVDTDSKT	0	0.3201002
16899	SKKVASNQ	0	0.22077957
16911	TEGSASRK	0	0.33986595
